741813183613894738
741813187996942430
741812950431432704
741812065815232632
741811098046431234
741810904194351124
741810720907329677
741807964318466049
741810682181451898
741810100112588881
741807950057832478
741808148733624330
741808219739127850
741807436960235582
741807250925944853
741806792882913291
741806842509918278
741807087981428878
741806806392897536
741806022536200234
741806372106141827
741806004064354365
741806104949817415
741805660274163724
741804839373242418
741804786722144268
741805079039836250
741804089955844116
741804275705053246
741804953781403659
741803490925477929
741804889826656397
741804168896839790
741804097602060369
741803726594900149
741803522206728222
741803756714197042
741803390438211647
741802868947943514
741802581847703673
741803227162607637
741803124498366534
741803067670003783
741801272025415761
741803027496828958
741802479238512701
741802067613450241
741802042049429535
741801528876204174
741801347787128843
741801236768096326
741801161564094526
741800950452453476
741800773477859440
741800781321207809
741800678112100393
741800059095613490
742097253342117938
741800241443110992
742100070698057740
742780043264131082
742099732477771808
742098490431373453
742095928248500357
742095714124955691
742095666779652137
742095118449901608
742094521512493076
742094432656031885
742092728174772224
742092593231560896
742092700249096272
742092568560533515
742124728097177652
742124653492830319
37344360593358849
797711726686502963
797720749108363325
797758156041617438
797901343998083093
798225896343470101
798226184894808104
798226722347548692
798228345174753311
798228698640678942
798231170948268083
798231835859091487
798232180470972466
798234047385043025
798235982750810132
798238071161487391
798238743344709654
798239535645327430
798241097053634590
798241749533065286
798242234037829682
798243146273390643
798244267294064651
798244303959752715
798245294197702738
798245788781641748
798246637448462366
798247706694123570
798249386035249162
798250006728933376
798251772069675008
798252071123943534
798253302315483167
798257633702313985
798263350517039185
798265630008410133
798269081521750076
798272580346970113
798273139670515753
798273328425992232
798274610063736844
798274868184350750
798275458953117727
798277286193266689
798278931756875796
798280111589163048
798282188307038280
798283136638386208
798284495505326150
798285864316043315
798288474313981973
798290706656526336
798291118843625503
798295797417508944
798297778663981088
798301309391339540
798302868544553021
798303310154039318
798304266652876841
798306034056953916
798308993449066526
798309193723281419
798309630136549406
798309939311280159
798311094308306984
798312143598518303
798317005077741569
798317402345308180
798317879489593385
798318941407019118
798319031416389692
798320347458961438
798321419854938112
798323065477267486
798326879501156363
798332040427995188
798332942531166228
798334894756593685
798784217400082463
798785072093724683
798785630930468864
798786428128854036
798787981736411177
798788721146986526
798789820238397491
798790211533799427
798790675712835594
798790965099757589
798791320176427009
798792239126937642
798792916213563433
798794162693734430
798794619344912456
798795036119531530
798795298524364800
798795762330763325
798795970572713994
798796548259315722
798797687146283038
798798016357597185
798798884939628564
798798977738342411
798799545181143080
798799578605420544
798801316859346964
798801831416692747
798802050468020246
798802070453878784
798802838566338610
798802866105745409
798803667879854091
798804304668524564
798804372288700447
798804413320790056
798805042764972032
798805267709427753
798805502133534760
798805986407350321
798806637992869888
798807290140557312
798807596940918784
798807849160802326
798808076450660354
798809443092529152
798809729451032617
798809817589481492
798810202773127168
798811880100724756
798811908689625089
798812321933819959
798812720920395806
798813546212229123
798813834278207508
798813981379657768
798814391289118740
798814591182307328
798814869460877332
798815125254438913
798815397058183180
798815688168439829
798815691624677376
798815964664692768
798816360187822101
798816814871871490
798816961315864596
798817301234712627
798818064497639444
798818084809867316
798818737003298856
798818802657263656
798819180233228378
798819830315876359
798820356050649088
798820576101269505
798820794326056960
798821032156069889
798821418141089823
798822231107043338
798822941281484871
798824371082100787
798824412996435978
798824856627314728
798824940743950337
798825429481291817
798825525962473493
798825725452746753
798826124095913984
798826213454905354
798826763810635786
798827102908186634
798827799094755329
798827821233209356
798828339669762058
798829093801951232
798829103654240276
798829867407900733
798829913649840129
798830918760005672
803610437400395868
803610290192121858
803610493326590013
803610140510781474
803609867566841897
665114838938288159
829478211687677983
366291006653595648
689769891213213698
661024489982656563
666693877821865994
689908355422224580
679524166281724006
689893636590141445
683391081379004512
684158725048631361
680848637928144905
667441057352384543
687771732513128585
687211459763240980
679388352822116352
670275405554647059
680880944315629606
680562217589932080
683945328176529427
681066034429689897
684037567439569007
670122311579336706
688096547463757865
683999004236972070
660201273278070859
663557282600189962
688068031120801892
687308854685466658
670613777250779137
679389771281465378
681048633390792728
680896400690905109
687778426970570773
687675676211544098
684179028571193396
667456137880403991
666733780194557973
664933750282649647
680635680979943495
659295707567751178
681237486143275112
670567915036344340
664273435861450774
687625435475083304
679456532668219402
666702827594448908
687808922803109964
666518080331186176
684074175106777121
683266432754253843
689865643670896674
689907835387379737
681266197098004532
687317016155258925
803609514476699688
803610874416726086
803609529090572308
803609365089222676
803609706261250048
803609521364533259
803609447703379989
803609664348094495
803611146758127646
803610777881804851
803610856524873772
803611047763116052
803610977161314315
803610901755854910
803610948534272010
803611121398579280
803610820335501353
803611056949559316
803610945309376533
803610251962220594
803610794801102878
803611051727781920
803610379363155969
803610827235000341
803610467074572308
803610326083698718
803610991724199947
803610505552855051
803610347575443496
803610251743592499
803610981439504384
803610827608948736
803611180677201951
803610949792956442
803610809287573506
803610863041773589
803610816188252220
803610925445021707
803610654727471114
803610800971186207
803610590189715457
803610886525681701
803610894444658698
803610625318191154
803610770613076000
803610896643260436
803610649984892928
803610681944834068
803610956272893993
803610943983976498
803610509928300545
803610497073020968
803610655822839823
803610406328598580
803610241111556096
803610851533520916
803610245099552778
803610528400146433
803610221753925633
803610998430498859
803610566060015627
803610215370063922
803610362682409004
803610549887565855
803610412292636692
803610146814558239
803610194613239849
803610245619908698
803610235562229780
803610425076744243
803610023292567552
803609490993315861
803609992133476373
803610245560795146
803610074474872852
803610215789494273
803610129542545408
803609953326858250
803610178422964224
803609979855962132
803610084877795388
803610141844176907
803609876580139048
803609377624817681
803610071937712148
803609607733772299
803609561260621905
803609979134803969
803609357875019796
803609556021542912
803609684497399809
803609612318277722
803609671608958978
803609465563643935
803610066082594826
803609586216468481
803609414559858709
803609627328905236
803609951154733067
803609495417782272
803609599293784095
803609565819961344
803609562723647499
803609603991404564
803609387029364746
803609451860066375
803609571889250314
803609387289411665
803609426493046784
803609428128694303
803609371979677736
803609606990725120
803609601328939048
803609568205733948
803610012823453737
803609624796200962
803610093445840949
803609579803377676
803610306050916444
803609423280341012
803610362024558663
803610381645381672
803610530220343336
803610281061777428
803610245930025040
803610914191573013
803610689922007063
761302878219665480
803609556146978826
803609556612677682
803610345025437717
803610047522799657
803610341296439318
803611011855810600
803610482845024287
803610778280001566
803610160646979584
803611011286433792
803610847142215681
803610818423291956
803610791282081812
803611087156412459
803610226930614273
803609720719671375
803610779899265104
803609465432571924
803610291342016562
803610353480499260
803610855253475328
803609645943619624
803610251667570711
803609651324911666
803609506163589130
803610503514554389
803610166242312192
803609537499496458
803610090523066418
803610598813335554
803610052518346782
803609451868848130
803610274804138014
803609700884938762
803610298316750849
803609577320742924
803610245087756309
803610876581773333
803609974986375229
803610918185074760
803609498790133760
803609433422561310
803610169212665917
803610646469672960
803609465542148136
803611069410705408
803610761095020564
803610682057949245
803610235515699261
803609416934752336
803610087980531783
803610759648641056
803610739424231424
803610492785917983
803610325781577759
803610235347795999
803609508974034974
803610700051120149
803610283946803210
803610232638799923
803609504527941634
782536157585866754
782535801933791232
782535863598710794
782536152527011850
782535677794582538
782535798812704778
782535730479628330
782532709275926528
782535587005202452
782535499549114408
782532399543877682
782532952127045632
782535400291827723
782535218535202836
782535009373650944
782532624370368515
782534640174628864
782535134984536074
782535351016226826
782535020958449664
782534692171808799
782535309103071272
782534759791984641
782534874795606026
782532493646757929
782534410612244491
782534949806407700
782534978453110804
782533093058674688
782532322909356043
782532577835221002
782532682751541265
782532191044763668
782532182622863361
782532370498322433
782531943161528320
782532315603009566
782532363103502358
782532260976132097
750078203250475019
750105214006067221
750102888990244895
750100202102194176
750103240091238561
750100972495437916
750100574338547872
750102520986206310
750101910568173578
750091943685652680
750098528281297057
750100730718978160
750092984078303303
750094115131097088
750098613165752331
750096030493704382
750098442260447345
750097390907949106
750096917849178115
750095050184065085
750090817556971641
764762006074425394
764761194225467423
764761002977132555
764760237172719637
764761140063895562
764761119436701706
764761748942094346
764761565827301407
764759671457710090
764758560688570390
764759437155631104
767801614756085790
767801646025015377
763602239452479489
763596842075815956
767801550428176405
763591976897347615
758011789521977394
758026489190023189
758018955230314590
758031929273614452
758020972107399268
758025144294703264
758030056852422768
758022954117496843
758018971277590548
758014946092122234
758002200248057966
757999259646951625
758033141137932330
758013018809565315
758015934177738922
758013984099008663
758015300854743161
758027753219031230
758030495979274393
758029175792861348
758001860681400470
758022230901915649
758031399419772979
758023841326039203
758001682461229086
758001322099212409
758027162035945632
758006113169047785
757999192642945114
758025235927793665
758012534614786068
813765946686308373
813766015187812383
813770376625782796
813770344077852673
813770273840955402
813770298289029140
813770182605537280
813770262868525056
813765667186409493
813765688740020224
813770165522530345
813769720880693306
813769885574103062
813770046580850719
813769863046365195
813765648785997925
813769871803285544
813769650223579137
813769710930886657
813769857833238559
813769866825039932
813769411994714142
813769715389431848
813769776538976306
813765128481931324
813765292298600458
813769675330551848
813769656124702740
813769594107461632
813769601246691358
813769569914060811
813769463136124938
813769578265968692
813769474310012938
813769525094907944
813769395423281182
813769356612861953
618270994456510467
261903766578528256
346514391493115914
594203453723508749
684150859709415492
430204438414753802
345938579035389953
619342847522635780
463428269887193088
653826274074296320
568216435587809315
515940987126808586
362644573706518528
216224071162003457
564144649053274163
548501447155646479
587582284354289666
586293985337671681
498442675167428608
646655853881065483
409694873122504715
489080446697865216
373743984125935616
350579862077177856
396474803306889227
566151679431671809
353553513055387649
302688589471285253
442697123515990016
346827130212057098
387811456328007691
518722471575158808
393554175709020160
719112285494313022
259697768036040705
502192326731628544
679909180017999931
449634096893919268
688080906732437566
683267651497361431
678815279282782239
678960633957318666
688169615515451465
679177404530556949
687683446642049146
678908944344940544
679801284039278593
657194935346266135
683050050229633044
679912055591010315
690365981624893492
670578286652293140
681257745562861607
679240246591881229
666494369108328468
690393784357355550
684302807070801920
689860692630700127
679840680889155631
666545973727592479
681058479976480788
684118174320689206
687322550170419201
666575188694925323
670921719631839244
684587878495682562
684639428404052046
658866943566020647
680793643388502054
687796337139384336
681212989856415798
687802641794859030
770978686362714153
770981252542365736
771005329026056222
771006134537682944
771011498373152821
771012436328579073
771013117307387905
771014955721424996
771278270498996236
771280163374759937
771022224906780692
771022933128642581
771023911395000320
771025307804106792
771028111022227486
771030143694667826
771038627089088543
771051534351466558
771052567077060669
771053656606244874
771079863083597844
771081914772881460
771080784726589460
771082554181681172
771084088672256020
771085082341408838
771088892949692448
771086088084520970
771091238577373225
771106394975895563
771107033713606676
771107636288421948
771108656703078401
771102997128282112
661696137924968512
740745550793801771
810285149567713290
739299579505410058
737843024867885086
728760181248360511
771418740608860210
736747454031986761
737415741011394641
771420022039642143
771421450397155358
771420694327197716
381017897641705472
683578009688473631
477450822662356993
578183354059587585
682987998689624085
356500478088970266
460944797922885653
573212320914735152
657780522843373610
740129823346655315
422458744308236290
543420807884570645
299848942626013185
148280685432406016
677172646370082856
295283212161122307
744341788722200606
472670302376296458
434455793878695946
443649832796815360
582848863409537038
702794259337838673
567325724944498689
655038890008248320
672095205721112576
764944736045760582
679464075138433068
424427651227320350
223950977043005450
725279051484364883
496748920060510208
493781733045567499
331515322832257024
613895720021262337
700341745430560768
388640322013626368
368691150288060417
812361817253740644
531141291686494219
400729011996852235
804220684553289728
804220592919543861
804222144505577473
804221158819889152
804221370589511720
804221521018486786
804220728425709568
804221654309535745
804221651994017802
804221195197218866
804220984290312192
804220367556182066
804220748095946774
804221117170450452
804220680102477825
804220336320020480
804219670243835934
804221500604416060
804220619079548929
804220347981103115
804220916535132190
804220803297181796
804221179606859786
804236077208305664
804219955712491561
804220802839871498
804221450554572840
804219853988691969
804219762351145000
804220780124438528
804221315561160714
804221091882467338
804221407444992020
804219782533480478
804222009910493244
804220744254619659
804221195834621952
804220904049082378
804220587656085555
804222160620486668
804220919484383304
804220258666938389
804221781593948202
804220403207372800
804220035916365844
804221653508685824
804219731292192778
804220695013621760
804220348110864426
804221312239009792
804220325968478208
804221195763449896
804220673790181413
804220639920521217
804220027200602145
804220457552969728
804221012803452969
804219624601288725
804219628808175637
804219795011928116
804220134918979585
804219761625792532
804220449106034709
804221088775143454
804219841178501182
804221920056180747
804221315447783444
804220665792167937
804219762980421642
804220117210628096
804220318558060564
804221158580551690
804221652127711302
804221634159575051
804219781174788146
804221075369492500
804220193441710110
804221917057253447
804220462510506015
804219655026638850
804221781908783136
804221382639484928
804219781052891207
804221125373591585
804219800326504448
804221129878536272
804221908014465034
804221063852326952
804221963252793394
804221303258087435
804219774514364437
804221917812752414
804221212988669963
804220322566897704
804219657975758918
804220324840996875
804219854101151744
804221274804453476
804220497034215474
804220919291052032
804220745341075487
804221923876667393
804220145873715270
804221950548377600
804219623339589693
804222065003069452
804220807941193739
804221802552229889
804221322951000064
804221116126068806
804221920479805470
804221388914163763
804219887580217344
804219684672110594
804220356750737440
804220411859566615
804219703958044715
804221302591848468
804220259543810058
804221685225619487
804220860252422234
804220250954399774
804220570882408448
804221881300287508
804222083730243665
804222143344803851
804220110441152532
804220029209673758
804220684976128051
804219544754716703
804219757121110017
804220299628380160
804221119002968064
804221620608696343
804219869381132288
804219748023926804
804220212228390913
804221198393016382
804221924506992680
804221075209977866
804222119147864105
804221972602814484
804236012313640980
804219722245734402
804221236203749396
804221445130682368
804219726632452116
804220424749449227
804220640827146271
804219832622383135
804220145748803605
804220351226970134
804220453961859073
804220450427109436
804219669685731369
804221948116074517
804219948809060414
804221186523136030
804220378657849354
804219781447417866
804219808702267414
804221110866149447
804220827880128573
804222040500076569
804219667031785473
804220745772957736
804236192785760287
804222130190680074
804219734501490719
804219778565668874
804221136740810772
804219849190277170
804220547214082058
804219880156823602
804221827882156044
804221886866784266
804221119774588959
804221167539060736
804219701034090508
804220205185105931
804219677080289280
804221329673945098
804220663132454922
804220863079252007
804220360437923860
804221903891988480
804219717258706964
804220478272045076
804220361284911114
804236078415740928
574111583052234778
719130628410572800
719130743929831424
719130627626106880
719131003628683285
719131009131610123
719131325461823520
719131694661238834
719131578453852201
719131562230284330
719131177872523345
719131454663032882
719131269048565817
719130990462763029
719130860716294144
719367770655162418
719367988066648106
719367896727552063
719367280236167279
719367395352772629
719367095468687360
719367498771726367
719366658879389826
719366665539944469
719365609397288971
719365748295860314
719366354754338869
719365895969046540
719365658734887053
719365728213401731
719365372087631884
719364608535691374
719365032508653669
719364744078688298
719364763263696906
719364735501598881
719367202532229182
719366478545289348
719364593591517225
719364081181655049
719363661722026098
719366742199238738
719363330178940950
719363025261559859
719363095121625191
719363012913266699
719362794985619526
719362643223117835
719362446950662145
719362868189069505
719362428923674634
719362555344060487
719362012756574289
719363829548711976
719364391904215040
719362327517855775
719360398364639242
719361552800546828
719361469212524676
719361161430040636
719360728045453312
719360375199629384
719360694708994079
719360156097445950
719366169492062258
719366739846103061
719364438930751540
719363363167273042
719364083228606544
719363611302035537
719364222122852392
719361907274022934
719364498816761906
719364890867007638
719363718151929857
719361378753970206
719363756253118465
719359763674169355
719359460484710451
719355899378008144
719355321998377031
719360572713598976
754866509221986314
754867173729632276
754866818157379695
754866223598141500
754865929149743206
754864808565801042
754864496081633350
754863285282668616
754863306736533596
754863764582694923
754863243759190087
754860217577242654
754862431188025406
754862124408504393
754862101574451210
754861743884468224
754860954394820698
754860752703193198
754859844728651776
754859523893625004
754859342397964358
754859402523181146
754859161367478312
754858367003918426
754858058915643573
754857953160331295
754856843028856872
754856504066310205
754855485622059094
754855631336243250
754855109472813067
754854946741944451
754854543438643210
754854747047067829
754854677631336468
754853785490423828
754854112021184583
754852536258658395
754852252996468756
754852352149946369
754851509690302496
754851980731613194
754851655148634194
754852007008927875
754850754027716708
754850967068868609
754850362615398444
754849604385898576
754849152525008927
754848444610248765
754848126027956306
754847603753091112
754868387116482682
754869657353191454
754869393128816660
754870911739363389
754867198845124621
754868687214870648
754867293133078559
754869916707848323
754869961457139782
401478968215339008
323135524640391170
465971887168552960
686829203324272650
666727731098157067
530012040211726343
607669243324137503
745472369128112289
464142518301360131
597037947224719361
687753895128203397
716054224009560147
740563802080149566
357837526406397955
672897539149660180
632295379387285545
352926600196521995
298176637357260800
546794636652314641
732531812668014624
336860580323262475
636665119643926529
332525412238491648
533744548975738881
318739766474571776
729180102184665160
358890925251887114
623360077629358090
720677413905891479
750556310226862151
563410599149568015
452107232817971200
749577632978567210
653979590238142475
730805868370853888
267691499511087104
219506768869457922
685858431373934593
456112118236839937
397650825188737039
474179395876290561
584560614802849803
444446673847058432
463851415920443393
433748195265216542
363507550525849601
757171991886299147
603683769978716207
706515966862819390
338148498975227916
184295178461380608
735512923740569684
595327609290620938
690599551668584508
583232011414536193
704190143002706043
366024605992878080
647456566655713335
599299312710844419
749248643164405780
671021228093472800
360080693193342976
271344667524726784
576406484112637962
471454719001231360
547064169329983490
393427971316121630
693899181089226815
642653437065953280
756606518442459207
329558781916610560
386209363091652609
414343603671007233
365856911356329986
422378114400911371
735175800827019405
413451939947347970
390898272090193921
515538890145398799
505403097904840705
370941697716387842
411166712940068874
689111793842520119
442039937517355008
460887240101593097
221773894737068033
750046786638315673
759652875000872991
335056862707843077
389441282667184129
434650492321398784
690519340306661397
768189062233718784
662243906280488961
469218522602668033
375780288220889097
348945513476784150
586254208575995915
445246579759382552
413397812492107796
650704693705834508
694146174579376198
661696288122994720
473936984486969344
268482056529510400
430482520769953798
591095058762039297
391289505795276810
628822880284704768
688473168280682623
742573620894629952
821329947670216725
821329846344876073
821329771925340200
821329180142600203
821329257158148117
821329258433347605
821329143190257684
821329202753437717
821329138191171585
821329148701835264
821329053532815360
821329055697076224
821331509662842902
821331312961912872
821330959231090688
821330876805808188
821331047035830282
821330773650047006
821330855767179295
821330710652256256
821330864960045056
821330740205191200
821330674320408606
821330412495437825
821330629006065684
821330402060927016
821330338252849172
821330354031951882
821330214843318272
821330147982311444
821330344161574933
821330204643295262
821330144420823041
821333481182855178
821333344762855495
821333360067608597
821333322181509150
821333116048113674
821333080614371349
821333080609783850
821332888351932456
821332530091393034
821332880621174805
821332873918545971
821332626324455456
821332572956262400
821332614174605333
821332590644428822
821332417075085363
821332407789158441
821332413828825129
821332421865242674
821331346563006484
821334410132848671
821334597283217458
821334610993479690
821334158932180993
821334260462911496
821334067835305984
821334151860977704
821334044440002560
821333915653373982
821333990967214082
821333711139242005
821333817016188970
821333545011249153
821333656864817165
821333687332372483
821333594278461450
821333391504572438
821335838302535711
821335648328876042
821335506210127883
821335637143060480
821335263506333718
821335527172341790
821335202844114944
821335122501959692
821335045486805012
821335055753543711
821334981447647283
821334870445916191
821334887541506068
821334717633921044
821334543364522045
821334757513232385
821337411522527313
821337210292142111
821337147965440030
821337203891503114
821336426850811904
821336185028345887
821336601934168076
821336157421699072
821336193181548547
821336126547558400
821336185305432106
821335962486702130
821335887803187270
821335827963314216
821639799169351720
821639855666102282
821639795591610379
821639818282008586
821589666351808562
821589687432249359
821589457999888415
821589234678890506
821589207767056416
821589207272390667
821589258023862273
821589207557341184
821589267553058846
821588882000183358
821588897770242069
821588878955249704
821588972089638912
821588760129961997
821588870487474186
821588889101271090
821588760705499217
821588816431284245
821588738139619338
821588847397437451
821588871754022962
821588776471494706
821639823177678909
821640143647670306
821639843909861417
821640180959412255
821640133979799573
821639833608519730
821639808379518986
821639828730150943
821639837462953985
821639899559231542
821639794382733342
821639803161673728
821639801694453792
821639919930966086
821639859587252234
821640915968851999
821640774340444160
821640680430239784
821640800663240724
821640717981843467
821640898492235796
821640927750914108
821640406479274005
821640988300410890
821640809090121738
821641011444973599
821640939662606336
821640719898116147
821640433523490846
821640691624312833
821640445242507264
821640499982762015
821640508949397575
821640428804767784
821640464528703509
821640369120215040
821640388384784456
821640410165149696
821639831846780938
821642097736155167
821642289847336980
821642125325762580
821642014285365279
821642151213531146
821641609866248242
821641860577624115
821641675989712966
821641637868077077
821641891551379456
821641647824830494
821641694164025364
821641430266806282
821641301191294987
821641767190790144
821641754482311208
821641630389633036
821641678800551957
821641574810648576
821641630381375489
821641474495873024
821641468837888021
821641486164557825
821641441944010754
821641259411439616
821641457680515123
821641356450988065
821641280123437078
821642991516647424
821643282022137857
821643034462126091
821643068188524584
821643000403984446
821642680055496715
821642757595987999
821642836809482305
821642761827647498
821642431229329438
821642794401398784
821642603304058890
821642728868937728
821642843399389196
821642579661684746
821642027359797298
821642386978373632
821642520885723156
821642405395693590
821642089204809758
821642106346930177
821642436836196363
821642466498707466
821642383884156929
821642424837341235
821645026735161374
821644896459948103
821644894425841694
821644930287665172
821644918446489610
821644600564908032
821644503369777172
821644065523105802
821644660836532244
821644689593335808
821644619691065344
821644661159624714
821644652524470272
821644502363275264
821644395673288706
821644291465805844
821644277574402048
821644362227515402
821644261836455937
821644317436280843
821644132345708575
821644091275477042
821643438687649832
821644093506846732
821643972720066560
821644065393082389
821644040721268796
821643904909574154
821643559966081024
821643933053485107
821643822752464927
821643517960650772
821643813835505665
821643442525306901
821643715742924842
821643470367227906
821643495377731614
821643360061227008
821643313869488138
821643350502408222
821643355494547476
821643353854181426
821643353468043264
821643300398170113
823003842006089768
823003608034443264
823003449310183476
823003424290242570
823003434059563049
823003429949276220
823003364630986792
823003296997441606
823003136393740298
823003203082911784
823003105318797352
823002927894757377
823002902414098452
823002546498175036
823002721283735582
823002870747889726
823002807216111627
823002777672220693
823002610993856583
823002634860101633
823002393829441557
823002515452461076
823002410346741790
823002367145934878
823002368530579487
823002407126040607
823002372077781003
823002367070830652
823002368215744602
823002386409717782
823002253803126815
823002336875118592
823002023800602707
823002059283759125
823001990610944061
823002056688140289
823002018859712513
823001989033623562
823001984197328906
823002007504945162
823001977608601651
823001995102257252
823001920293699615
822999346676891668
822999379245006918
822999345606950942
822999320307302471
822999275914002462
822999254633152527
822999141897601075
822999040471597056
822999058091999233
822999083362942987
822999058103795806
822998934125412404
822998781506748417
822998802289000478
822998801118920756
822998744612995102
822998459959083098
822998661407047680
822998621620273202
822998499964354620
822998645095661569
822998645463842856
822998544087515146
822998661767495700
822998463381635083
822998633599074324
822998314210820147
822998696484012072
822998264567037963
822998317561937990
822998300860612628
822998317171474443
822998313246785556
822997357859700758
822998167259447327
822997487974481940
822997355360026625
822997352751169557
822454923396120616
822454873505267732
822454564347183104
822454425363808256
822454501608652831
822454270376804372
823357694135500821
823357648115466270
823357541597708288
823357584626286623
823357572797956136
823357440141688852
823357355521474641
823357345026801726
823357323800084510
823357221156552734
823357250763620372
823357203414777896
823357172385316965
823357114142556181
823357143658790923
823357072598106132
823356973767721000
823356992998604841
823356819740164109
823356943115616286
823356948316422144
823356864808353792
823356837356109834
823356905933373461
823356849188634625
823356880385867806
823356879651733525
823356765936549888
823356795404812339
823356830453203005
823357657074499614
823357554766774324
823357651983138887
823371669061763093
823371677894180906
823371708178235393
823371642922729493
823371683414802443
823371676606660668
823371472520872008
823370816682590208
823370960756670494
823370720528302121
823371716708794438
823370882411266048
823370836420460545
823370830582513717
823370972249587752
823371684354588684
823354702506622987
823355238265782333
823353886159929387
823355185484922950
823354990814691359
823371622786138163
823358094478016522
823357902689140796
823371003022934067
823358030833123380
823354766775287808
823357934654062642
823357611637735424
823353838554578984
823371679962497044
823370824941043753
823370878288134164
823354685804249088
823357829792268308
823370934094135336
823358228464271421
823357943067181136
823355293399777340
823353822234935319
823353629091168317
823354697628385302
823357979720941609
823355155810484255
823346039737942016
823353901553025125
823355347615481906
823354201979617341
823357877019213854
823357682844303360
823355282993184768
823357920632504360
823354885386010675
825187440301572098
825186954471669781
825186660245307422
825187407036022865
825354941023125504
825187242296868865
825186932925268008
825187628898320444
825356493389430794
825186793997336596
825356618635673621
825186846246043669
825356384161497090
825186676535984158
825186641618141254
764147509957754930
748154804680917094
710211563159552105
665443832481054735
665256374317481994
335612655043870721
716872955065270313
704584696125980712
527493212471033871
695313268322861182
807999939295576104
770586336603275284
411976286408409100
742291329844903987
776392143995666452
747783647045877811
692967451062698003
707109627950530621
771739058706710559
485865217084096533
691399575402971146
414535461512544256
320372929063813132
675405704877834271
445114081515405322
700019465391308980
210045594423656449
647814576598941716
556823691325865984
271294413441990656
644204839701577728
797364342207021067
775768327539785770
448177004504940584
563129928464465931
760648817682153472
736081805538492526
452169165248397313
769617580578308107
706900130124791838
420214197620834305
767519536903094272
769835671069786122
761106944542507009
801533112819253278
764676405216280616
761963128417419265
768586918077661206
752912907137843311
645606215585628171
762310170738032670
761065621722628106
761985793480196096
760878753520812053
762333278820237363
769605823781404683
766963612669050913
766303474807078973
768137843192365056
766280489484025858
760743463515324448
768165137890017280
760128796078374954
767169755634728991
765247289241108500
765557299531612240
767799565780779008
766975933080272936
765551107517972537
765918154186424330
764147062207676427
826105305292341268
826131458196242453
826131388067348500
826131324166209677
826130763664719892
826131216678780938
826131127201693716
826131102171004948
826130997463875655
826131063658512424
826130795176787978
826130698770972693
826130837543583764
826130240517963827
826130696309309451
826130508509216768
826130487504273428
826130419253510204
826130350467055636
826130238600773654
826130241906540595
826130169029984307
826130189846446135
826130230011887686
826129917937713184
826129784764629094
826129719250124881
826105057992376361
826104732141617202
826104993274265662
826104731859943475
826104560728014848
826104284738879528
826104254560731186
826104218376863827
826104175804678204
826104213112094740
826104194372730940
826104202450305045
826104039309312030
826103923110314035
826103976147550228
826103815681605643
826103724555894815
826103724505563178
826103584172539990
826103203589652501
826103249119477841
826103187370278933
826103043908698152
826103008798441474
826103183696592928
826102929000890438
826102945602469919
826102851919020032
826102817197785138
826102724650991657
826102618547814410
826102532710465586
826102738697977856
826102532358799411
826102652974530632
826102158943322133
826102319296544808
826013771138596865
826013705866969118
826013735000735786
826012827763474452
826012590122729512
826012048320233502
825697992416952341
825696890287947806
825696580534534154
825695833843302420
825695593485697075
825695639732092938
825694558121754664
825694484015874049
825694276046028831
826133024634044456
826133152350076929
826132856715477024
826132897035583548
826132609775697987
826132562107039755
826132511498305643
826132296222244884
826132486815350806
826132177702879253
826132224394657834
826132355731030017
826132313053069403
826132063920193577
826131775608455178
826131884009848854
826131797271773264
826131502496612403
826131764672987136
826131710684561408
826131661975453777
826131585958412289
826131510351757382
826131610188513292
825345013004632065
825345069694451713
825345007979724820
825344922466779166
825344965223776277
825345604129259551
825345603009380362
825345592460967966
825345607690485801
825345586055610441
825345557148205088
825345317611372544
825345369088851999
825345251769581619
825345032621916193
825345232694149122
825345132961595402
825345072513286155
825345054100946944
825345104502980608
825344935880294410
827156617581297684
827155665972887592
827155600425091072
827155266591784990
827155651443556383
827155183586639903
827155460996988948
827155543625564220
827155406077689866
827155525572755477
827155058638323733
827155140385439785
827154689086849065
827154691188195358
827154689358823457
827154692278583358
827154692630642708
827153869767311430
827153281133969420
827153263744909312
827153426840420382
827153016342839336
827152960160792596
827153109896658955
827152766559584267
827152733328113668
827152689267867668
827152759123738654
827152355429580830
827152541657071666
827152400892297257
827152594707283999
827152436954923008
827152341614329876
827152273234853888
827151808907575297
827151807633424414
827151841292320769
827151828294565918
827151806416289812
827151376018571325
827151651336093717
827151524214865942
827151524521050142
827151476933263461
827151594470506527
827151442094718996
827151244308643860
827151193771474965
827151368950120448
827150904833736734
827151173659918377
827150768661856326
827151047977992232
827150823787593749
827150641805000724
827150504806973490
827150430994956298
827150422849355817
827150121837789204
827149952648085525
827150114123546654
827150424887918612
827149934490943489
827150246618202154
827150073288851516
827150243304177684
827149755230453760
827149755397439498
827149754689519658
827149709110018100
827149592729485322
827149316568907796
827149326760804385
827149392045539338
827149315209691147
827149049123045406
827148970563207188
827148993289125888
827148823825874964
827148767446564864
827148734311563284
827148755135889409
827125656641863681
827125652725039134
827125642108862465
827125738015686676
827125237518041109
827125649050435614
827125267058130964
827125594016841768
827125639898726441
827125243244052480
827123902126751774
827123876168466432
827123900236300299
827124083656491028
827123969131675678
827123855650324480
827123706878230538
827123592827109428
827156459967217694
832493814421651507
832493656170561537
832493314288517170
832493225406889984
832493717289828352
832493122638184448
832493331744948224
832493505498578966
832493449155444738
832493426544345108
832492535339024395
832493746373001216
832493223360462881
832493731579035658
832493195341856769
832493025786724364
832492839056834600
832493256809250827
832492816596336650
832493111896309810
832492968753233951
832492818815385651
832493318712590366
832492731472936981
832493023598084106
832492515751755786
832493021215326228
832492933025366036
832492783499476993
832493090421997608
832493116664578048
832492592301211679
832493095470891008
832493260299173918
832492742553894963
832492941808762890
832493252933845002
832492934745030667
832492850775851010
731848760346279968
535091290665254912
776934598714195968
645048668512321537
782997533676797953
605448522187407381
480021085685809153
513466505527296002
669263834548011009
469011694530854922
266951853990871042
31848760346279968
510910297964281857
431895827347275796
769903092140998676
715945457997578311
552849827973562389
530216845173850162
504948917000208394
569930269964894209
700450188006916177
595205929188851712
728017713603149934
517443951767322654
551029492412317727
546101119047434241
634780466880315405
788681377037025301
714060056374673418
546559778818752522
746842434583003257
490649748966211595
345390686520213504
379713517995032577
666094332305997845
339584858391052298
641272594795855872
316268999736295425
762039173036507156
816860378624557117
418205931705466880
546891126498394113
618486168920653857
814643200287178792
396613058186706945
739290810683621478
541983272218001418
794286519111254036
814293138184339456
363043681248346113
567260193390329856
521310158618624000
552857060878843904
751080376604295269
514563333589041174
794650600070578237
712015613400318093
713292536231231530
756394419761971262
784591932491825234
448937699081060363
538814745571098624
477282992151068672
745392789881094540
261264433848778753
333687631504474123
395032704384499712
779027745413791754
573140271311749131
819628973146636318
418866894695563275
555839133252321282
398087029302231040
725313216334397460
517977832966717451
579032028331376640
436138995185877003
772044027881062400
676854685961027628
493801560162172930
479915425027719168
432115793044570125
715157665948499969
600365977682706476
710514918444630026
603098110968725526
525339417515130890
735066050374139914
682981062418104335
608762845571842101
296075758873346049
720257728768901160
322567393157185536
793047515205074974
797958972287615048
467711744731643914
779429853648650260
508671826034032640
780200144410116156
637296431647948828
744647469220233346
473894492517171200
236872827297464321
339624757861416962
205028219722792970
768458206615175179
781605591239491665
658371791101886474
542757669056806932
506175732565934111
745726567614775356
495918151972683787
459842802847711242
591745649129553921
236104517714706433
555873948169011200
517024536667881482
573790146902753290
640984237247561759
735788515949805609
492973628707831819
750420001973862430
571737515091034112
827103769811484722
824211500083445771
820273047198105671
830066457546850334
829139197574381598
824134126147731466
823110715958624257
826107894494789652
826165232081829969
830057326781530153
828040900830691328
826001512684978177
819350743407525889
827247390620385351
830036975838691358
827305290478518333
830759749304713237
830759717663539240
830759820616794123
830759760605085726
830759740974825513
830759706850361345
830759816259043362
830759767920083005
830759739565801513
830759815890468905
830759810202075206
830760230253232149
830759830020947998
830759795555827723
830759703205511180
830760056156585995
830760330997006367
830759981229801522
830759744129335296
830759820478775297
830759793613996043
830760232099119165
830759748168712213
830759739230126110
830759783904182294
830759794733219850
830760474806059028
830760324318625813
830760455508066304
830760068252303381
830760620198461460
830760714485891112
830760256760971284
830760558931214347
830760806084902962
830760482389622804
830759819706892298
830760182819586088
830760330782048267
830760450505310238
830760764422881341
830760154299498537
830760578443771934
830759820080447508
830760626959286312
830760472781389845
830760323903651850
830760104802123807
830760254634590288
830760560286105600
830760925342466058
830760842903027733
830760741056544770
830760525842743307
830760840814788619
830760931671801906
830760801148862524
830760800628506635
830761175238836225
830760569275285585
830761128166555708
830761004103106570
830761136504569896
830761237532114964
830761172064141323
662293732351279125
310291331693936640
515928899461447704
582609473428783104
623818981400248341
582326749849714699
827532303449456670
408525096785936405
711975260119105636
772744053636333568
595263297910079496
718015154897289245
442750199035723776
689380062314889250
249288100168204289
378168389702778881
408210685814767626
320072193272709121
495992871875379231
733559234654109698
245694228905066497
493161033322725386
683288128429228053
186287151242018817
508082413377683456
278277622692052992
367996185866403840
438603109493637120
503734251888574484
624284757961736218
196268345610338304
484023775633866753
418111791038595072
780180868089511988
728294501407522846
390138986615537665
378800179308134405
731101942738321408
666610717088284672
636978780568551435
750934069906243665
414827015691042819
484856943681208344
365416126789713920
741416549818040351
323649619286425600
535951835215691788
798217088958988339
559429785517031434
791001987079995412
548465011752828928
765346987318444082
410845385255550988
443190845198565386
782310015973195836
359013784561647620
686764377969524806
195700342497869824
494674463850233859
664902068984610816
691034660595302445
499616375250223115
639656563933446146
536157840000286730
475927367777517569
743157722572128311
279407768056627200
609846390922805248
767067448506581014
397018707215253506
110746875656679424
566836016510402571
570065215207505922
788396872997535764
419337299403210754
502147318087155723
539851404278497300
740434347047387187
676786522988609537
469831484065316884
542123440736305190
429093308636200961
549997075245301793
391639996463054855
643223631882878977
290205874109153280
527874034428411935
702480239015493633
672902045476323350
790534344698757140
712624968348729354
509350302210719769
507200209680334849
642779576782553104
417690461839556608
720150770313461841
421053689277448205
808843557456576533
493439630419558435
449194147597910029
329088960976650240
387981606566232065
829731854491713546
662448673057275964
827184891048493066
426075241312419852
787570128865984582
747352390746898552
628558209963130901
386179563757240325
385863472732438538
794418617386270740
699739223166681179
329884252223176705
727601907853426718
644225513425993739
822539520393740338
581308897835483186
774665067848531998
829077223289126975
285168038775488523
363784041050275841
331813029132107777
250260434177753089
783685876567244821
346724959156043780
594801379911139328
549231265140965387
785840883064504370
717428566249439292
661516490289315852
373149927590854679
691690752522322012
399529183933628417
213617671349075971
755015487108284536
681914238704418845
498141365012529164
707546157035028481
508812181207253002
376375494968344576
322970832559407104
722390947467493376
598153799751958538
362938731902009346
739465444209197107
465099191077830656
404694159996485654
703242464873545740
237929986026110976
729710836167213056
816684361931030623
707023275469045770
807033119999918110
378274915083616256
727129570754691193
727590418719703151
702747649018822696
571658318104494082
326501874142543873
636934448230957057
402415485498687488
740898776788631582
604974317767491615
595512791977164839
635525249584332800
573743565805453322
654199084420300800
403495234224521218
808603624954658826
468830256707403778
680500263785988120
308205907584745473
775738383431237634
331839841064976387
239565691328528386
622417442161033216
718019042396602498
605456086316613662
318229132678791180
801841494356394014
414771025834672130
474753799408582664
271242578047795202
530421190775406599
348330702934114306
768820691113213992
614813101551779891
425685818032521216
660065437572399115
754736067134881894
174192800001163264
495005488392437761
272105903916974091
803594325396815922
665853389678313492
400037571226238978
699106023096451142
707204100692901909
674600906590781440
685136590322139240
727252255929139292
703301460762558495
750800602652737557
798530366071373834
457514145948893205
794255894580953119
658702986637344828
489400851954139146
506774042884177930
539109096725413889
618713876153761802
694894731280384012
444594895030714388
703699785512779826
484290762872193035
711650678287761408
607994521539706883
456423184829382656
326199445735604226
341085063670136834
389853746634424340
573489386306404352
416632172930269185
752561980002271333
693075201197604914
632959558624739328
799046581474820136
583204177715396623
511228723412992001
759764934325698570
756103082210885733
331272152932417546
331881915374108673
715649878352461915
593046693755224064
435447381321056256
692718216530624512
386058123426660352
827187698535497739
585172529677860865
361142856225914880
493130127132327956
663554486530211840
804455889301667841
827703294687182878
371036351979585539
528058889091022868
440659442837487636
654301741805994004
344024563560087552
465488129525022720
649994158823702532
643971187067846658
471236945289281539
673711994272088074
691584072194981919
593160902279168000
557702742131605532
497076066905489408
434738255615885334
502455485975363595
482165814242312203
762228058542440488
747130063493005407
732222021420711946
729305429427093555
663712586059087927
737803469854998649
584087979673387039
691355749917655120
548579542592258048
789594560028082196
783336439718477884
430907865780191233
694215264593641622
662652468773257236
592593232995549226
482098873225969666
595085063197032478
507658621048324107
691047046798508074
618052081936236545
525681823376867341
399241323124883468
810929191658717246
526950009229541394
623553049243418632
566320197049516053
702474147581657118
661167891370082314
819155167470944297
395907607283630080
609776588006883330
730905853296640170
782442191947563048
433670154178789376
570740829409378306
275025767086161932
736915299445506091
571080314563330048
613398744368676887
820947377182998568
760897617844109324
650965420429410317
547044548677992458
530713947582627842
823545749567963156
742428414450860142
759797426391089174
792203063175282758
823255320280825857
487052208475734037
797755751153532928
670680723077988353
727639950715125791
712489789428989984
746139891993280565
797567712045170708
659592016904323102
652058941043376139
532744809178202112
751707060478935120
758731926080454747
391835494616662026
680702880314818637
654381634241691658
629330493233430573
523985830511902730
737682673262395393
720342754684829736
737058300922822726
419323125650423818
724431631745810452
595618547909263373
756930948741726251
438826791680081930
763196306616221716
548585385756852235
602541133335232528
688323501072842776
780735365714673674
651747926133047296
478615182999027742
773654460118990929
669526250406019082
820311839514689596
441893981702324235
562740417980923909
816300383068487691
525770776788598794
636727550634229760
767451546966818857
481667116244795402
591265553491034113
784139995849293834
502516206125973544
822119538958139413
694934919511539733
333563391547277313
416702104963383296
572369815285530625
524640379731968001
636802614561865738
435472661947219969
669621530619150340
769737143979212802
446852201025896449
835785701572345866
835785669476614144
835785658156974081
835785701219631115
835785641207005194
835785631795642390
835785530926039052
835785552032301066
835785518784577537
835785485002866699
835785288025899028
835784399932620810
835784905416900648
835784812986892298
835784579369140234
835783933009461278
835784543831064636
835784542563991552
835783861777989632
835784495717941278
835784395717738506
835784251331837983
835784207200419900
835784166641106985
835783527978106880
835784176249602078
835784141479477259
835784107359338526
835784059606401044
835784045857210428
836001309453975602
837381020029943890
837380965147082793
837380963503833118
837380773740544010
837380751292235786
837380742027018322
837380731847311441
837380731029946458
837380725270773781
837380438430711868
837380695671570522
837380725120041031
837380702914740235
837380645869191259
837380680219492352
837380658350784573
837380390510788618
837380570131988562
837380322219130901
837380103259291699
837380087661461544
837380663757111307
837379862251176007
837380455367966741
837380291088613446
837380585756295250
837380555175362572
837379823226716160
837380259921002507
837380627762118747
837379885818839083
837380080375693332
837380150642475009
837380581385437184
837380327650754621
837379798728179743
837380598502391849
859033267947569152
859032813042663435
859033157826641931
859033040788783125
859033075219300362
859033056466829323
859032775978123276
859033157545492521
859032669646749707
859032784395567124
859033143926325280
859032809960505344
859032859720417300
859032806784499714
859032763747401748
859032838547701760
859032794089259048
859032765399695380
859032647308541973
859032738804138014
859032542665244672
859032435996229643
859032425573122049
859032498011897881
859032451912957952
859032463934095360
859032351475236864
859032363848433685
859032414730453032
859032280076779530
859032361260548116
859032285713399809
859032247657955339
859032180050624553
859032246082076712
859032161382694952
859032082851168276
859032074789716019
859032065857028107
859031902954586153
859031926307946516
859031936399179776
859031790832451615
859031904430325771
859031711342133279
859031728063250453
859031604521599017
859031677522804760
859031650783723521
859031612472819712
859031627665244180
859031528867627048
859031482118569995
859031276311674880
859031222746218517
859052432453140491
859052208062857237
859052547599237130
859052238596341770
859052426929111040
859052468674756608
859052127502598177
859052068417044490
859052380233924619
859051866074382346
859052000259735552
859052363015782421
859052322490941450
859052261874204702
859051896328159232
859052310092709938
859051895192551444
859051876052631572
859051638412017696
859051815520829440
859051888555851776
859051728699129857
859051716090921020
859051747073982485
859051624302903337
859051599745122315
859051662365556737
859051598297956364
859051586692710421
859051579302871090
859051445763440640
859051416001183754
859051393294139393
859051371641569280
859051346938036234
859051305565290507
859051159502585906
859051306538500126
859051270341525535
859051227164835841
859051218462965762
859051089452859393
859051078175031326
859051071389564958
859051022995685416
859050984788328488
859051036357951488
859050908812836886
859050880208601119
859050877460545576
859050831861383179
859050792500330557
859050506672537630
859050714557710337
859050695655424000
859050439138869298
859050591598018582
859050607839019009
